1.62291336033275,1.32436729227713,0.689429111656884
1.57927384932213,1.2512947729641,0.635688996286706
1.53633218616964,1.17922873681878,0.582655987697715
1.49269267515902,1.10615621750574,0.528915872327537
1.44881131938575,1.0337481612171,0.475882863738546
1.40586965623326,0.961682125071781,0.422849855149555
1.36223014522264,0.888609605758747,0.369109739779378
1.31834878944936,0.816201549470103,0.316076731190387
1.27564897105953,0.743471050300395,0.262336615820209
1.23176761528625,0.67106299401175,0.209303607231218
1.18812810427563,0.597990474698717,0.15556349186104
1.14518644112314,0.525924438553398,0.102530483272049
1.10130508534987,0.453516382264753,0.0494974746830583
1.05766557433925,0.38044386295172,-0.00424264068711928
1.01472391118676,0.3083778268064,-0.0572756492761103
0.971084400176139,0.235305307493367,-0.111015764646288
1.01940366695911,0.184415736287116,-0.175362481734264
1.0764220120918,0.135939883346408,-0.240416305603426
1.13462189460793,0.0871415875246368,-0.306177236253775
1.19257993236141,0.039007754727254,-0.371231060122937
1.25077981487753,-0.00979054109451732,-0.436991990773286
1.30804000477287,-0.0589308570596143,-0.502752921423635
1.36599804252635,-0.107064689856997,-0.567806745292798
1.42419792504248,-0.155862985678768,-0.633567675943147
1.48215596279596,-0.203996818476151,-0.698621499812309
1.5394161526913,-0.253137134441248,-0.764382430462658
1.59761603520742,-0.301935430263019,-0.830143361113007
1.6555740729609,-0.350069263060402,-0.895197184982169
1.71377395547703,-0.398867558882173,-0.960958115632518
1.77079230060972,-0.447343411822882,-1.02601193950168
1.82899218312585,-0.496141707644653,-1.09177287015203
1.81487644048986,-0.524606524697192,-1.11369318036881
1.71899277363428,-0.530158319931996,-1.08611601590254
1.62286726201606,-0.53504565214241,-1.05783174465507
1.52698359516049,-0.540597447377213,-1.0302545801888
1.43109992830491,-0.546149242612016,-1.00267741572252
1.33521626144934,-0.55170103784682,-0.975100251256249
1.23933259459376,-0.557252833081623,-0.947523086789974
1.14344892773819,-0.562804628316426,-0.919945922323698
1.04756526088261,-0.568356423551229,-0.892368757857423
0.95143974926439,-0.573243755761644,-0.864084486609961
0.855556082408815,-0.578795550996447,-0.836507322143686
0.759672415553241,-0.58434734623125,-0.80893015767741
0.663788748697666,-0.589899141466053,-0.781352993211135
0.567905081842091,-0.595450936700857,-0.75377582874486
0.472021414986517,-0.60100273193566,-0.726198664278584
0.376863282418886,-0.608547916243629,-0.700742820155869
0.321166552811275,-0.677731543721644,-0.746704760932994
0.264288285820231,-0.746592728318596,-0.791959594928933
0.20859155621262,-0.81577635579661,-0.837921535706059
0.152652981842362,-0.884295520250236,-0.883176369701998
0.0960165596139651,-0.953821167871576,-0.929138310479123
0.0400779852437065,-1.0223403323252,-0.974393144475062
-0.0165584369846901,-1.09186597994654,-1.02035508525219
-0.0724970113549487,-1.16038514440017,-1.06560991924813
-0.128193740962559,-1.22956877187818,-1.11157186002525
-0.185072007953604,-1.29842995647514,-1.15682669402119
-0.240768737561214,-1.36761358395315,-1.20278863479832
-0.297647004552259,-1.4364747685501,-1.24804346879426
-0.35334373415987,-1.50565839602812,-1.29400540957138
-0.409282308530128,-1.57417756048174,-1.33926024356732
-0.465918730758525,-1.64370320810308,-1.38522218434445
-0.497633768208204,-1.62966196885701,-1.3611805537841
-0.513361010885928,-1.56013748512821,-1.29046987566545
-0.529088253563652,-1.49061300139941,-1.21975919754679
-0.545513344099515,-1.42209500083833,-1.14975562620933
-0.561240586777239,-1.35257051710953,-1.07904494809067
-0.576725984692315,-1.28371049640512,-1.0090413767532
-0.59245322737004,-1.21418601267632,-0.938330698634548
-0.608180470047764,-1.14466152894752,-0.867620020515894
-0.624605560583626,-1.07614352838644,-0.797616449178425
-0.640332803261351,-1.00661904465764,-0.726905771059771
-0.655818201176427,-0.937759023953231,-0.656902199722303
-0.671545443854151,-0.868234540224432,-0.586191521603648
-0.687272686531876,-0.798710056495633,-0.515480843484993
-0.703697777067738,-0.730192055934549,-0.445477272147525
-0.719425019745463,-0.660667572205751,-0.37476659402887
-0.748252586254578,-0.601931114965272,-0.309712770159708
-0.840702386679074,-0.596450749879743,-0.272943217538007
-0.933394031866219,-0.590305921769825,-0.23546655813512
-1.02608567705336,-0.584161093659907,-0.197989898732233
-1.11877732224051,-0.578016265549989,-0.160513239329346
-1.21122712266501,-0.57253590046446,-0.123743686707646
-1.30391876785215,-0.566391072354542,-0.0862670273047588
-1.39567072041851,-0.559904224101299,-0.0487903679018718
-1.48812052084301,-0.55442385901577,-0.0120208152801713
-1.58081216603015,-0.548279030905852,0.0254558441227157
-1.6735038112173,-0.542134202795934,0.0629325035256027
-1.76619545640444,-0.535989374686016,0.10040916292849
-1.85864525682894,-0.530509009600486,0.13717871555019
-1.95133690201608,-0.524364181490568,0.174655374953077
-2.04402854720323,-0.518219353380651,0.212132034355964
-2.13672019239037,-0.512074525270732,0.249608693758851
-2.0979305968513,-0.475381647516115,0.270821897194448
-2.01210099741333,-0.427587507076974,0.286378246380552
-1.92557355011721,-0.378786883470119,0.302641702347842
-1.83974395067923,-0.330992743030978,0.318198051533946
-1.75321650338312,-0.282192119424123,0.334461507501237
-1.66738690394514,-0.234397978984982,0.350017856687341
-1.58155730450716,-0.186603838545842,0.365574205873445
-1.49502985721105,-0.137803214938987,0.381837661840736
-1.40920025777307,-0.0900090744998459,0.39739401102684
-1.32267281047695,-0.0412084508929909,0.41365746699413
-1.23684321103897,0.00658568954614991,0.429213816180234
-1.15031576374286,0.0553863131530049,0.445477272147525
-1.06448616430488,0.103180453592146,0.461033621333629
-0.977716872246118,0.151316614174612,0.476589970519733
-0.892129117570788,0.199775217638141,0.492853426487024
-0.832535185331004,0.255327564485057,0.524673231640418
-0.833441504408996,0.327988961290574,0.593262589415513
-0.834347823486988,0.400650358096092,0.661851947190608
-0.835254142564979,0.473311754901609,0.730441304965703
-0.836160461642971,0.545973151707127,0.799030662740799
-0.837066780720963,0.618634548512645,0.867620020515894
-0.837973099798955,0.691295945318162,0.936209378290989
-0.838879418876947,0.763957342123679,1.00479873606608
-0.840027582717586,0.837283201953586,1.07409520062237
-0.841873594416364,0.909602578615778,1.14268455839746
-0.842779913494356,0.982263975421295,1.21127391617256
-0.843686232572348,1.05492537222681,1.27986327394765
-0.844592551650339,1.12758676903233,1.34845263172275
-0.845498870728331,1.20024816583785,1.41704198949784
-0.846405189806323,1.27290956264336,1.48563134727294
-0.847311508884315,1.34557095944888,1.55422070504803
-0.787453732565065,1.32145568184081,1.51108719139565
-0.718730759317258,1.28175488905299,1.45027600821361
-0.65000778606945,1.24205409626517,1.38946482503157
-0.580345120200857,1.20269532362068,1.32865364184952
-0.511863991715698,1.16365899385725,1.26854956544867
-0.442201325847105,1.12430022121276,1.20773838226662
-0.373478352599298,1.08459942842494,1.14692719908458
-0.303815686730705,1.04524065578045,1.08611601590254
-0.235334558245545,1.00620432601702,1.02601193950168
-0.166611584997738,0.966503533229207,0.965200756319637
-0.0969489191291451,0.927144760584716,0.904389573137594
-0.0282259458813379,0.887443967796899,0.843578389955551
0.0411948752246072,0.848749658176797,0.783474313554695
0.109917848472415,0.80904886538898,0.722663130372652
0.179580514341008,0.769690092744489,0.661851947190608
0.258121397356752,0.764414706966446,0.630032142037214
0.350397746096807,0.803267962469734,0.63498188950552
0.441734402216076,0.841779197829696,0.639931636973825
0.533768906193483,0.881296916357372,0.645588491223318
0.626045254933538,0.92015017186066,0.650538238691624
0.718321603673593,0.959003427363947,0.65548798615993
0.809658259792862,0.997514662723909,0.660437733628235
0.901692763770269,1.03703238125159,0.666094587877728
0.993969112510324,1.07588563675487,0.671044335346033
1.08624546125038,1.11473889225816,0.675994082814339
1.177340272607,1.15391459064251,0.681650937063832
1.26961662134706,1.1927678461458,0.686600684532138
1.36189297008711,1.23162110164909,0.691550432000443
1.45416931882717,1.27047435715237,0.696500179468749
1.54526413018379,1.30965005553672,0.702157033718242
1.63754047892384,1.34850331104001,0.707106781186547
